1
100	1000
18	51	81
81	51	95
17	11	87
54	63	45
48	73	74
45	10	78
6	93	59
49	77	10
19	87	91
91	55	77
99	41	86
10	99	51
32	98	60
10	54	55
32	35	83
1	13	45
28	92	100
41	30	88
2	3	28
22	48	20
10	6	4
31	68	39
34	55	59
51	14	29
36	71	27
93	42	43
25	30	10
37	3	73
99	67	51
65	50	93
22	64	62
8	41	7
40	4	43
88	53	87
31	24	43
68	43	65
95	21	65
36	1	46
93	99	98
48	24	54
6	28	94
56	59	24
4	72	19
86	41	34
35	31	96
6	7	62
33	75	76
79	22	94
1	49	72
95	10	56
13	36	90
78	41	98
58	64	93
36	26	49
16	10	47
64	6	68
95	56	92
56	95	56
50	91	56
62	76	25
71	86	28
56	42	84
37	51	59
96	74	54
58	52	43
36	40	21
74	37	40
39	97	29
25	55	82
16	100	47
44	88	60
80	66	90
76	50	10
75	44	51
46	67	95
37	32	29
45	62	44
59	38	70
9	82	43
36	63	40
77	35	3
9	80	29
45	62	44
73	43	28
100	89	100
70	83	67
23	50	6
57	4	95
21	82	37
46	70	41
36	33	12
61	1	40
89	38	49
22	15	4
69	95	94
77	1	19
86	80	95
83	44	99
13	39	13
32	64	63
95	68	53
45	84	92
11	19	78
50	84	5
47	23	60
99	35	84
95	42	89
97	28	54
6	35	53
78	82	37
77	54	56
91	54	61
96	95	34
23	66	7
74	99	47
97	57	34
3	100	93
90	91	73
90	70	92
83	60	41
98	13	32
4	13	2
57	41	86
15	23	86
36	69	78
7	41	99
61	78	14
4	57	97
64	91	34
89	59	11
93	50	39
95	12	85
99	56	18
38	38	61
69	80	100
14	23	73
50	93	54
74	96	41
50	46	78
22	68	59
24	54	37
40	18	26
40	100	38
42	69	39
96	87	59
53	60	71
34	40	18
40	11	98
43	4	16
71	18	83
29	1	47
39	52	48
59	1	100
81	3	29
69	100	55
92	61	23
11	18	24
12	21	13
83	80	16
80	91	97
100	45	84
42	0	32
38	97	18
72	77	76
55	30	25
29	13	39
26	81	89
3	3	72
98	45	29
26	94	90
100	89	1
17	0	81
93	67	61
85	56	66
41	98	93
3	16	39
68	72	67
98	71	23
31	29	46
18	62	66
63	25	49
90	1	82
61	82	20
76	83	70
94	71	21
78	71	68
86	74	59
52	48	74
17	34	33
55	56	92
49	92	12
5	51	71
83	5	93
51	4	95
77	36	89
50	85	80
54	2	58
94	34	12
42	48	89
25	91	63
83	83	78
62	4	85
84	59	35
34	56	95
7	62	58
94	0	55
70	51	11
46	79	33
100	14	3
92	77	54
84	56	50
16	97	12
27	45	52
37	49	25
26	80	54
17	25	4
56	46	67
4	78	87
79	44	5
16	13	56
59	29	59
99	72	90
68	28	97
78	39	15
40	49	37
32	100	11
32	5	52
26	33	64
60	45	46
24	80	71
11	31	97
7	53	50
79	99	83
23	12	36
74	61	84
83	47	64
70	37	34
80	88	99
39	90	57
100	27	76
88	6	1
6	58	37
24	59	47
58	65	34
75	13	90
5	13	36
73	70	63
64	42	62
71	13	98
80	70	32
46	26	98
41	52	81
74	69	64
88	100	30
26	65	15
38	41	36
53	98	44
100	50	52
33	30	77
11	46	62
28	44	55
28	0	41
18	95	89
36	61	81
73	25	86
32	3	2
38	21	87
87	9	79
82	53	75
41	54	70
67	44	86
63	79	98
25	12	55
94	62	38
44	66	88
11	62	28
89	6	97
4	75	80
68	5	51
34	56	95
100	26	2
88	38	45
43	71	41
27	42	57
73	71	18
89	50	1
47	56	27
64	74	92
55	2	70
41	69	71
89	41	29
55	10	100
15	31	94
1	48	20
73	82	24
36	77	84
88	72	17
50	17	32
6	28	12
94	5	97
50	23	68
95	16	78
50	81	96
50	24	41
15	87	79
84	54	68
1	54	22
25	53	20
57	2	54
86	81	84
30	23	67
12	37	73
27	74	55
63	23	50
27	90	7
15	86	52
58	30	64
10	80	30
14	71	73
93	76	77
77	4	59
90	92	78
65	61	7
64	70	99
84	8	80
10	57	39
2	97	79
34	78	62
73	74	98
58	71	93
89	15	33
34	20	66
27	14	76
11	40	69
78	83	71
64	30	26
88	82	15
47	66	32
28	89	33
18	16	29
12	94	14
75	40	16
71	4	79
11	1	38
66	15	57
36	31	21
49	84	96
13	52	29
46	22	17
3	72	17
79	14	76
41	57	68
58	11	15
93	15	67
45	13	8
12	61	75
50	26	35
39	6	35
42	23	73
90	87	32
45	15	76
33	44	5
97	96	47
40	79	30
68	25	5
23	57	59
31	0	44
46	81	85
65	52	94
30	78	49
13	100	32
36	80	66
49	64	3
99	15	17
77	67	66
97	36	11
94	25	100
30	32	24
94	2	11
100	50	13
75	61	71
68	10	62
39	83	45
41	73	52
35	83	62
55	60	54
67	62	31
1	77	8
26	2	57
57	2	47
34	57	83
26	30	58
14	48	86
75	67	45
12	99	25
80	16	29
88	25	98
79	29	66
71	66	63
52	4	94
24	69	4
63	18	95
0	36	68
35	25	8
50	34	23
85	43	90
88	42	93
91	7	96
85	23	1
34	60	10
86	31	16
66	55	56
22	83	89
84	63	2
88	78	68
48	84	31
98	89	53
74	81	38
96	55	38
59	17	33
25	48	17
7	65	83
13	22	97
100	26	76
47	72	90
34	61	68
32	33	65
79	49	94
34	76	75
12	60	12
63	11	55
61	92	8
83	48	24
9	84	62
7	63	16
99	75	91
57	4	81
35	71	47
18	45	7
83	40	1
67	43	94
77	10	16
36	13	12
27	82	74
32	16	79
67	99	76
36	87	79
31	95	79
88	58	26
38	95	75
54	63	21
66	9	20
19	97	90
79	14	55
48	55	50
14	7	6
4	100	71
70	14	58
9	10	99
89	32	23
28	17	60
30	26	25
50	8	33
10	21	60
36	33	56
17	72	67
62	83	57
23	29	79
15	44	24
94	60	37
36	45	69
93	73	85
20	22	12
19	59	96
39	28	99
73	12	43
78	17	17
2	41	97
18	97	37
99	15	86
88	23	46
7	29	37
79	31	78
91	18	63
26	77	66
86	55	12
29	71	63
65	8	43
15	49	5
36	90	47
11	91	92
88	75	70
83	30	21
99	29	95
13	42	92
30	75	94
51	100	95
23	76	9
22	88	66
30	60	31
75	27	10
65	45	39
41	82	22
3	26	82
79	12	76
63	60	29
5	3	4
11	97	30
21	30	59
37	0	7
74	45	40
91	57	86
3	88	6
30	71	53
21	99	98
8	33	87
11	40	36
35	49	5
69	46	71
50	100	92
32	49	24
80	15	20
32	9	40
65	82	88
9	71	66
85	15	24
26	65	41
41	51	34
73	9	57
35	68	8
76	72	52
67	61	37
74	52	70
68	59	9
70	78	95
60	32	38
15	23	29
31	30	76
0	69	24
26	35	5
27	26	65
59	88	60
51	43	41
19	35	56
21	43	81
82	89	2
44	61	76
25	54	76
0	31	32
45	0	22
42	80	91
60	78	41
91	34	16
1	13	52
68	81	6
37	81	56
25	22	7
70	58	11
52	100	7
69	24	80
17	10	18
50	53	5
62	24	23
37	9	43
10	97	4
79	62	36
6	23	28
55	85	78
84	10	38
85	50	55
47	33	23
54	86	58
7	69	3
87	81	8
30	40	39
66	10	51
54	52	42
86	84	52
26	9	65
13	33	41
21	18	98
95	70	20
74	99	58
77	63	54
5	94	97
21	95	67
38	34	82
32	70	48
51	16	68
84	44	97
46	39	31
72	100	76
36	68	11
47	45	27
11	79	86
72	6	26
40	19	60
79	15	78
61	66	80
71	9	69
92	43	97
63	7	33
54	67	92
14	86	78
92	45	50
84	63	37
88	28	83
26	62	77
24	38	51
20	22	56
17	11	24
60	20	60
91	5	46
64	89	62
24	40	85
85	46	3
5	34	4
12	65	78
10	65	98
4	70	98
97	51	10
23	18	84
46	57	69
71	13	13
8	48	22
88	78	86
66	75	78
38	77	94
57	71	54
3	7	65
1	92	56
82	37	29
100	64	89
1	70	66
28	73	91
54	97	49
39	21	20
59	97	77
32	36	72
29	41	8
51	67	59
25	20	85
65	5	75
32	74	99
87	79	32
61	76	76
46	69	71
4	64	75
56	6	31
43	53	84
35	43	12
78	98	7
43	77	3
91	96	55
35	84	60
63	64	60
20	88	100
66	90	83
7	15	6
93	41	78
22	71	46
6	84	97
64	88	79
10	69	12
78	47	53
43	50	63
35	15	81
30	76	14
27	60	70
4	49	88
8	9	19
55	33	37
76	78	5
10	15	67
46	12	70
55	50	91
89	60	52
69	74	99
84	19	29
14	57	4
46	79	63
74	2	69
17	57	80
2	81	63
6	51	24
45	48	87
77	76	92
6	37	29
13	72	82
60	1	69
94	91	7
85	61	40
78	44	68
29	3	41
32	78	54
81	41	92
36	95	87
52	44	19
23	81	50
15	35	14
81	43	65
61	99	68
56	16	19
72	42	68
67	55	59
18	65	15
52	99	98
92	99	60
81	51	10
58	57	98
61	93	23
31	70	28
91	30	45
19	71	6
80	74	95
27	27	22
64	40	58
48	62	98
82	60	70
95	38	80
83	84	62
24	10	16
34	56	80
21	6	70
92	26	29
98	98	37
40	0	32
56	92	83
95	10	46
32	93	50
42	29	89
17	67	50
13	93	75
10	50	19
60	97	53
10	56	45
3	54	76
18	76	91
73	19	43
63	38	61
92	34	83
84	42	13
50	6	96
61	36	4
31	32	7
13	16	86
99	63	44
53	15	64
91	20	95
32	7	7
100	87	46
12	57	13
16	94	25
9	76	52
84	15	98
48	58	85
10	45	75
25	95	57
41	61	86
41	6	10
69	44	42
97	19	89
55	85	87
48	45	16
67	22	14
22	12	48
29	0	45
78	42	27
71	31	36
27	47	86
25	95	56
57	70	8
55	27	89
32	0	56
59	59	41
55	48	63
42	39	43
100	94	53
24	29	84
82	15	32
14	74	37
18	84	70
12	21	56
60	4	11
16	3	48
88	36	86
55	88	92
11	79	65
99	11	27
44	9	82
40	38	31
50	43	44
29	28	43
91	94	23
40	46	63
56	70	36
4	56	64
98	62	28
21	62	74
86	26	20
99	91	11
89	0	1
87	20	54
45	18	11
50	88	17
33	62	40
32	16	1
86	59	51
15	82	31
48	77	72
31	95	35
83	55	99
4	49	19
13	89	16
96	97	82
60	23	31
65	30	30
14	9	53
85	72	95
82	56	49
18	69	82
84	1	59
33	31	68
72	92	3
96	30	77
88	64	96
56	44	74
88	21	96
63	70	55
51	33	2
29	71	29
37	36	34
21	63	30
79	63	30
1	95	84
56	76	43
71	49	4
21	83	13
3	59	1
32	11	86
76	30	45
88	1	94
26	3	16
52	54	61
4	77	24
100	8	72
17	28	91
40	27	46
68	48	94
34	62	70
26	55	39
12	0	75
72	88	74
48	54	72
97	13	81
58	3	13
1	88	61
37	30	33
96	48	36
89	47	75
24	60	86
28	31	54
38	0	85
40	3	66
31	81	75
45	40	16
73	10	31
99	87	68
46	72	20
42	20	93
2	36	48
45	50	69
18	91	48
61	73	23
69	60	12
11	2	82
93	37	38
43	9	70
79	32	65
86	9	1
26	92	22
75	8	8
34	32	55
14	5	37
85	74	49
29	11	42
52	68	1
48	18	79
3	97	1
27	25	48
92	29	68
58	21	48
74	18	97
47	31	64
26	92	99
79	8	84
100	22	59
81	87	92
74	62	38
96	94	14
22	8	47
15	2	6
91	81	99
13	80	80
20	80	91
45	98	48
6	0	74
97	14	14
93	18	24
100	63	15
19	20	1
52	78	59
41	9	53
87	30	23
100	44	72
66	46	28
62	83	21
90	86	92
4	4	41
77	37	21
41	41	98
85	18	76
18	61	87
9	10	52
86	60	72
56	53	57
48	100	42
55	29	39
37	37	82
17	36	8
35	36	86
40	76	36
32	91	71
36	27	7
69	36	26
71	53	7
82	32	20
57	63	47
0	26	51
11	40	44
56	60	82
51	64	10
26	2	46
5	99	91
6	96	47
13	13	63
49	20	53
85	8	68
25	23	52
97	2	50
3	60	64
81	75	31
90	49	40
12	71	2
94	99	8
94	38	83
51	36	30
4	57	88
53	46	3
50	53	25
8	32	1
56	71	2
1	52	87
49	95	87
83	33	54
40	94	60
83	16	80
44	11	18
30	27	34
90	4	51
96	13	27
27	44	82
0	84	56
14	53	63
10	28	28
65	73	12
84	2	92
21	37	57
45	42	91
90	59	5
42	56	5
28	92	13
82	25	15
86	69	84
25	20	40
98	80	100
19	56	79
62	64	100
8	78	5
100	32	50
39	96	49
91	64	12
87	62	30
31	97	98
44	94	84
9	81	44
2	84	67
96	72	30
17	4	33
5	24	56
