4
20	0
25	-155
27	190
30	240
2
21	0
22	34

42
28    0
15  -101
5  79
3  -165
26  -182
2  -192
23  28
32  205
34  293
22  117
16  48
12  -139
33  -168
36  -295
12  -123
34  -165
32  54
28  45
38  -238
4  -142
19  -17
31  43
27  41
25  149
6  -291
11  51
22  94
30  24
35  157
7  -177
29  -145
27  -224
19  219
10  -42
36  140
25  -31
27  174
22  246
33  -271
18  -274
33  287
2  -37

768
16    0
15  132
31  -251
5  167
28  -192
18  -158
34  -184
30  110
22  289
27  207
14  69
32  -163
11  60
18  -249
36  142
31  92
15  221
22  -49
29  -185
15  -54
19  39
29  -128
9  194
4  -108
31  -18
35  210
16  52
10  20
39  4
9  -145
30  -3
6  -94
4  88
24  249
19  19
37  -99
30  -99
38  73
19  293
20  -191
39  -192
9  -257
3  235
16  229
3  -87
34  170
5  -217
39  -123
22  -300
37  -293
36  213
31  -4
22  -289
30  -256
3  86
6  89
18  58
13  270
2  90
10  269
26  56
30  242
26  61
34  -240
40  -197
10  -50
27  -50
36  298
7  206
3  156
35  2
32  -87
34  -56
14  13
33  -246
37  122
7  -83
25  97
10  -62
11  74
5  60
40  154
35  -111
10  -287
35  123
19  -188
39  192
26  78
35  25
35  -73
34  -171
18  -19
14  -171
29  -93
23  -81
28  -3
8  -226
5  224
22  -82
33  -106
6  132
23  123
25  -101
1  214
31  -71
34  212
17  -168
31  141
16  -25
6  177
19  -203
27  -179
12  285
25  120
1  88
7  -11
11  216
28  44
5  10
7  -166
18  -75
28  230
24  21
3  124
18  -62
6  65
3  17
7  -212
12  -48
1  91
29  164
12  -63
21  14
19  -266
38  1
40  204
38  -225
29  -114
2  51
29  94
6  -241
25  236
33  -251
6  157
27  58
38  -238
30  262
23  218
38  -97
2  -124
30  -66
13  -97
14  163
15  55
18  270
4  -208
32  -236
9  176
24  243
32  -242
20  -126
31  127
6  284
39  -80
34  -135
15  -157
17  206
29  282
14  -142
16  243
12  278
39  -253
17  74
34  276
19  -11
13  -213
10  132
9  186
18  190
26  154
12  41
19  -36
33  106
22  -4
16  209
38  150
2  -128
22  30
14  -75
38  -116
14  293
2  -293
31  -29
5  176
19  -71
8  -205
22  164
4  -11
10  241
23  -120
32  105
33  -151
16  -40
23  -99
25  -149
25  -114
26  213
39  270
40  -186
25  166
6  9
31  -2
13  173
8  -71
22  -4
8  -201
16  166
24  148
24  -38
24  -250
29  243
21  222
35  189
11  -150
31  121
28  -37
36  -127
39  -254
25  -149
40  158
25  256
7  -212
36  -102
17  -285
5  -243
34  243
29  173
7  -74
5  106
13  -176
6  137
22  215
17  53
39  -83
16  232
2  -226
38  287
11  263
14  154
13  209
34  -55
35  204
29  -25
14  110
1  81
19  -51
2  -265
37  -244
23  -262
29  -83
35  121
4  -232
39  160
20  -272
26  182
33  -286
19  190
19  138
22  235
2  -60
36  -70
30  59
12  -165
16  -256
11  40
9  183
6  11
15  -281
32  -242
40  11
34  -189
13  -257
34  -109
31  -224
29  285
1  -272
15  -172
28  -54
9  126
30  151
30  194
1  -217
28  -29
25  -22
27  217
7  -167
2  165
7  22
2  -65
16  -203
5  -242
3  -224
7  269
3  -108
2  113
31  -115
5  157
14  297
15  146
9  292
12  -115
39  123
36  -153
40  -239
39  -67
19  287
23  234
23  247
38  -26
19  -3
19  231
1  -79
33  49
21  -116
3  268
38  -219
29  52
31  -250
19  230
21  -161
3  -156
33  162
39  47
27  -189
39  -64
36  -122
16  129
11  6
38  -163
5  -250
11  124
14  126
18  -137
39  94
35  -265
30  -236
18  -105
24  165
9  -269
6  -153
13  95
27  197
10  241
20  -44
22  -190
6  -206
17  -251
10  265
14  -175
21  -196
30  262
9  -59
29  227
23  -175
31  153
32  196
35  165
16  261
13  122
28  -278
6  196
31  144
2  113
40  229
3  268
16  -109
40  35
7  120
26  107
21  268
28  33
15  -148
4  -123
17  84
4  283
17  -221
23  157
6  125
38  -70
15  78
29  92
24  -29
27  -272
13  -104
9  146
26  -239
4  -14
11  -229
11  250
15  -270
26  -168
34  35
13  -31
3  -78
11  103
22  -91
38  -224
36  -70
3  111
19  -127
31  -129
19  14
24  287
11  273
35  142
24  -168
19  -82
31  115
19  -262
37  108
10  -236
36  87
34  261
9  229
34  141
16  -11
38  293
9  -253
5  195
13  248
16  9
18  -144
16  -142
21  13
4  52
34  192
15  -91
40  81
12  145
8  -300
4  139
34  -53
1  235
18  -86
21  -206
33  -11
19  -280
38  -74
21  198
37  291
19  60
10  -160
5  73
9  68
38  204
8  97
3  -12
2  257
4  184
13  -253
35  214
37  -161
25  200
1  199
28  185
38  207
2  -283
4  -259
22  296
37  79
20  -159
31  -208
2  296
37  -154
25  -266
9  -173
10  15
16  -92
3  -149
27  45
18  -118
37  -175
30  113
14  -92
30  158
13  -237
8  27
36  84
21  -198
26  -114
19  79
21  -112
6  -171
10  -151
14  66
3  8
17  168
3  -11
32  -88
40  22
32  248
7  -77
30  123
7  156
15  -61
18  -149
22  232
16  98
33  222
2  -222
28  125
16  277
20  99
14  -23
4  -89
33  248
7  179
2  -62
16  264
14  -62
34  75
34  -282
20  -111
26  -273
22  13
22  148
32  106
33  90
6  132
14  107
29  -107
7  -97
21  -295
29  110
10  -179
16  127
9  207
18  219
40  86
40  121
32  -214
6  19
12  -68
5  -87
1  128
32  -253
29  -194
18  112
38  107
23  214
23  138
29  -156
8  -182
25  -188
14  -118
3  -48
34  205
16  -26
5  182
27  -57
34  81
29  -112
9  252
40  269
12  -34
24  -260
17  -296
35  -221
1  -277
6  172
40  157
33  106
16  -263
3  81
38  3
1  241
19  294
27  -75
18  -181
33  -1
36  -267
29  182
36  -197
10  113
16  -163
23  22
33  249
9  18
11  -91
40  -170
24  -141
40  -6
22  282
34  -34
28  -143
4  21
39  -245
30  253
10  -171
8  -95
7  -277
21  180
29  -111
26  122
24  -190
19  180
23  -36
37  234
16  -280
31  -63
2  -206
8  270
32  258
26  98
39  145
4  29
2  24
5  -102
38  -293
4  -202
2  -266
6  -11
22  23
32  -216
34  -39
3  109
23  -8
19  145
20  55
24  26
5  182
14  24
11  -247
6  206
31  90
4  -236
10  31
29  38
1  -73
16  -135
17  7
36  -183
22  133
20  -280
28  -237
39  138
40  -178
12  -157
21  -2
33  37
36  208
35  20
37  -42
10  91
33  -292
28  -291
14  -54
2  -104
17  -180
20  69
4  -240
22  294
3  139
22  100
12  -124
35  -144
23  8
22  188
12  -38
1  17
3  236
11  78
21  -190
35  264
36  67
39  -289
6  -168
28  290
24  248
18  -100
27  4
12  71
19  168
6  132
20  176
12  296
32  104
36  -251
33  -292
14  276
10  1
39  -286
14  294
24  -251
3  -272
31  -39
19  148
19  180
4  91
9  -223
16  -9
23  -295
29  79
38  -242
30  146
34  265
22  -186
25  -163
23  270
10  53
30  131
5  150
26  264
14  -171
28  -12
39  -299
33  -180
4  123
4  35
23  -41
13  252
38  17
19  -121
29  -99
36  -58
23  3
21  271
34  42
9  -18
13  -199
30  -66
13  -120
4  31
32  190
31  273
8  296
2  191
18  172
20  244
34  -38
31  -175
23  -104
11  -163
38  -252
11  218
24  -167
22  -160
27  -252
2  -41
18  284
19  -22
22  -88
8  100
20  39
11  62
6  41
20  223
1  -99
2  -15
14  -97
27  39
19  -177
38  172
33  -259
16  266
2  -35
34  -249
33  -294

138
24    0
11  12
29  228
30  -249
8  -50
30  276
10  -237
4  -244
35  62
26  268
34  205
34  -9
5  -193
9  70
12  15
28  44
40  -275
27  -59
19  -210
8  41
5  276
10  104
13  241
37  -196
27  -252
28  -284
31  51
36  282
23  278
25  266
33  286
7  190
4  -26
21  246
22  56
8  174
12  176
15  -2
31  275
37  172
16  46
26  -119
33  138
26  -263
13  -40
27  -204
36  240
30  246
40  146
36  263
14  81
18  243
4  -178
15  202
23  70
39  240
2  -227
38  276
22  -101
23  103
16  85
18  -208
5  -245
22  -159
29  -178
18  -242
25  -124
33  -230
36  216
38  160
13  -294
30  -149
39  25
35  -134
39  171
30  -285
39  -24
1  -225
26  -113
8  -108
25  105
35  -92
6  135
23  299
19  22
38  77
30  -109
14  269
23  39
20  219
25  140
9  133
15  -288
35  -121
35  -189
39  143
2  105
17  -210
29  -262
7  -105
23  243
2  -121
19  -288
24  92
16  -57
13  -212
12  139
5  -108
25  -152
10  -59
31  214
16  -61
33  203
24  174
12  276
13  -262
24  -30
13  -52
33  -71
33  8
26  -241
23  -110
39  -161
12  -255
35  -124
10  -167
37  233
20  267
4  -61
26  -92
27  -188
3  -118
37  189
35  -167
1  -220
19  268
19  15
14  -8

217
3    0
3  -208
21  -48
31  -118
17  115
38  135
12  93
35  -267
25  76
13  -101
37  -80
38  -190
26  173
25  -162
25  47
29  158
4  165
27  -38
39  212
32  -233
22  -192
11  -299
12  -1
38  218
36  242
28  -129
30  -174
24  170
4  -168
3  -131
2  268
27  -88
38  46
39  -72
36  -93
18  -206
12  181
11  176
31  178
27  -5
32  45
11  -119
20  -228
40  180
21  -97
19  -131
7  150
33  61
15  234
30  272
40  -42
9  -167
6  -171
22  61
23  263
39  -280
8  -239
24  -141
27  -34
38  218
14  136
34  -144
27  152
15  38
33  -98
16  218
13  138
14  97
30  -229
27  245
23  70
34  293
15  -228
35  -6
12  -14
25  -104
3  282
30  149
25  12
36  -228
1  -63
18  118
23  101
39  177
16  -231
16  -238
3  -228
12  12
1  -254
2  86
4  -101
32  271
16  232
15  41
35  -149
6  197
23  -153
28  -165
9  157
11  -183
14  100
5  -232
5  151
27  -39
24  -44
21  196
20  164
10  189
14  -80
27  -180
38  -103
13  224
9  -24
29  -96
29  -109
34  -166
3  211
17  -106
24  -70
14  6
39  46
34  86
9  -295
6  -49
33  57
33  -283
27  136
32  -128
24  -169
36  -72
23  -12
35  -113
11  62
19  27
32  44
28  20
25  -194
25  195
28  -228
27  -287
21  238
40  279
38  4
21  -212
24  296
16  5
9  -142
19  -126
24  113
18  -97
7  295
4  -23
1  56
8  71
34  -128
15  97
11  -142
7  -126
25  -230
4  -295
28  288
40  -142
15  61
28  222
14  -18
4  -44
40  -212
29  179
11  93
15  -224
37  48
27  162
39  172
6  200
9  -68
20  192
38  -47
28  222
28  100
18  2
23  205
9  242
23  221
39  -26
25  175
20  250
16  204
12  38
4  -152
11  -118
39  185
27  70
18  298
9  228
34  -183
30  -294
15  205
24  -96
14  93
31  200
14  -275
15  -15
30  -119
34  -239
13  164
30  -289
32  121
32  -69
19  -258
23  239
4  7
30  -57
32  24
31  298
32  207
14  252
5  -144

246
19    0
30  106
26  228
5  -157
28  256
7  269
20  -112
39  -291
11  -33
17  251
3  230
37  -278
17  -171
13  -252
32  -202
14  73
37  -129
6  139
20  145
27  3
29  22
29  78
20  -248
1  46
23  -227
38  -292
26  132
5  -55
30  -57
26  266
21  -298
31  -278
6  87
36  -244
11  -288
3  54
35  290
16  9
21  -200
28  55
38  -286
33  214
3  -84
10  -38
1  -65
18  269
9  -209
13  138
20  -2
24  157
1  88
11  -121
24  -116
38  75
34  34
7  125
36  50
25  25
25  -23
34  -163
5  161
14  198
31  -38
7  -132
26  -137
40  91
26  148
33  126
16  229
23  -29
23  38
8  -254
26  -147
5  -55
40  -107
13  -300
37  -262
19  -114
33  -297
2  31
35  116
4  267
17  138
14  -150
5  -278
1  -191
6  19
7  130
22  226
21  117
25  248
17  205
4  -265
1  251
4  -167
31  46
9  -157
27  158
40  -75
32  291
19  -197
11  -68
35  47
3  140
16  7
31  -87
17  -23
22  213
5  158
39  13
2  281
4  -257
8  240
11  -53
19  -120
5  -248
36  -14
12  -143
17  -222
35  130
37  -270
25  299
26  39
26  -217
20  -24
12  114
21  217
40  -190
20  -152
4  165
13  -185
22  -275
20  -115
36  -23
17  78
6  92
31  -268
28  225
40  142
5  235
2  173
15  -277
34  -242
19  116
13  247
5  -67
25  141
17  -177
6  -219
2  -266
32  260
18  -217
25  -265
38  3
36  247
30  -47
4  -253
7  54
10  -51
27  126
17  -296
4  133
17  211
13  151
36  53
36  -137
1  -85
15  51
7  137
31  18
27  17
26  202
11  -183
34  39
34  196
39  268
26  -84
17  234
33  -90
24  -18
34  -180
1  -153
22  52
4  -14
35  -277
12  230
7  32
19  -23
28  258
25  263
27  166
6  247
18  243
35  285
36  101
27  103
34  -112
16  -46
35  -49
40  -89
33  -98
30  -253
19  -23
38  -200
1  121
25  -113
34  -286
40  168
5  -170
40  -109
20  -207
36  127
8  75
9  -247
2  -15
9  -139
34  -105
18  -218
2  -244
18  80
36  134
11  53
40  189
35  273
22  116
32  -81
21  115
18  291
22  148
19  -171
22  -220
31  234
4  3
9  122
8  146
23  287
18  -245
28  -41
25  -224
14  169
16  267
33  257
2  143
27  3
24  271
11  -276

0
