6
2 1
1
2 2
2 1
15 7
1 2 3 4 5 6 7
50 30
1 2 3 6 7 8 9 10 12 13 18 20 23 24 25 26 28 30 31 34 35 37 38 39 40 41 43 47 48 49 
100 60
2 3 4 5 6 9 10 11 15 16 17 19 21 23 24 25 26 29 31 32 35 36 37 40 42 43 45 47 49 51 53 54 57 58 60 61 62 64 66 67 68 69 70 71 72 73 74 76 79 80 83 85 88 90 92 93 94 97 98 100 
1000 700
3 5 6 7 9 12 13 15 16 18 21 22 23 24 25 27 28 30 31 32 34 35 37 39 40 42 43 44 45 47 49 50 51 52 53 54 55 56 58 59 62 66 67 68 69 70 71 73 74 75 76 78 81 82 83 84 86 87 88 90 91 92 93 94 95 96 97 98 99 101 103 104 105 106 107 110 112 114 115 116 118 120 121 122 123 124 126 127 128 130 131 132 134 135 137 138 139 140 141 142 143 144 145 147 149 151 153 154 156 159 160 161 162 163 164 165 167 169 170 172 173 177 178 179 180 181 184 185 186 187 188 189 190 191 192 194 197 198 199 201 202 203 204 206 208 209 211 212 214 215 217 218 219 220 221 222 224 225 229 230 231 236 237 238 239 241 242 243 244 246 248 253 254 255 257 259 260 261 262 263 264 265 269 271 272 273 274 275 276 279 280 281 283 285 286 287 288 290 291 292 293 295 296 297 298 299 300 303 305 308 309 310 311 312 313 314 315 316 317 318 319 320 321 322 325 326 327 328 329 330 332 333 334 335 336 337 339 340 342 346 347 348 349 351 352 353 355 356 357 358 359 360 361 362 363 364 365 368 369 370 371 372 373 374 377 380 383 384 385 387 388 390 391 393 394 395 396 397 399 400 401 402 403 406 407 410 411 412 413 414 415 417 419 420 422 424 426 427 428 429 431 432 433 436 438 440 441 443 444 445 446 447 449 452 454 455 456 457 458 459 460 462 463 464 465 466 467 468 469 471 477 480 481 482 484 485 486 487 488 490 491 492 493 494 495 498 499 500 502 503 504 505 506 508 509 510 511 512 515 516 518 519 520 526 527 528 529 530 531 532 534 536 537 538 539 540 541 542 546 547 548 549 550 553 554 555 558 559 560 562 563 564 565 567 569 570 575 576 577 578 579 581 582 583 584 585 587 588 589 590 592 593 594 595 596 597 598 599 600 601 606 608 609 610 611 612 615 616 618 619 620 621 622 623 624 627 628 629 633 634 636 637 638 641 645 646 647 648 649 650 651 653 655 656 657 658 659 660 663 664 665 666 669 670 671 673 674 676 677 678 682 683 684 685 686 687 688 689 690 691 692 695 696 698 699 700 701 702 704 705 707 708 709 711 712 714 715 716 719 720 721 722 724 725 726 727 728 729 730 733 734 735 736 737 739 740 742 743 744 745 748 750 751 752 753 754 757 758 759 761 762 763 765 766 767 769 770 772 774 775 776 778 780 782 783 784 785 786 787 789 790 791 792 793 796 797 799 801 802 805 807 808 809 810 811 812 813 816 818 819 821 822 823 824 826 828 829 830 832 833 836 837 838 840 844 845 846 849 850 851 852 853 854 855 857 858 859 860 861 862 863 864 865 867 868 869 870 873 874 875 876 878 879 880 882 886 887 888 890 891 892 893 894 896 897 898 899 900 901 903 904 905 906 907 909 910 911 912 913 914 918 919 920 921 922 923 924 925 926 927 929 932 933 934 935 938 939 940 941 942 944 946 947 948 949 950 951 952 954 956 958 959 960 962 966 967 970 971 973 976 977 978 979 980 981 982 983 984 985 986 987 988 989 990 991 992 994 996 997 999 
